	Homo_sapiens	Caenorhabditis_elegans	Drosophila_melanogaster	Xenopus_tropicalis	Danio_rerio	Mus_musculus	Didelphis_virginiana	Struthio_camelus	Rhea_americana	Pelomedusa_subrufa	Alligator_mississippiensis	Dinodon_semicarinatus	Vidua_chalybeata	Falco_peregrinus	Smithornis_sharpei	Branchiostoma_lanceolatum	Branchiostoma_floridae	Aythya_americana	Gallus_gallus	Ornithorhynchus_anatinus	Balanoglossus_carnosus	Sphenodon_punctatus	Crocodylus_porosus	Python_bivittatus	Boa_constrictor	Gloydius_blomhoffii	Lithobates_catesbeianus	Fejervarya_limnocharis	Bipes_biporus	Cucumaria_miniata	Parastichopus_californicus	Artemia_franciscana	Daphnia_pulex	Apis_mellifera	Florometra_serratissima	Strongylocentrotus_purpuratus	Pisaster_ochraceus	Asterias_amurensis	Ophiopholis_aculeata	Rhipicephalus_sanguineus	Speleonectes_tulumensis	Homarus_americanus	Anopheles_gambiae	Aedes_albopictus	Locusta_migratoria	Katharina_tunicata	Mytilus_edulis	Loligo_bleekeri	Cepaea_nemoralis	Albinaria_coerulea	Lumbricus_terrestris	Platynereis_dumerilii	Urechis_caupo	Ascaris_suum	Onchocerca_volvulus	Meloidogyne_javanica	Fasciola_hepatica	Romanomermis_culicivorax
Homo_sapiens	0	36	28	0	0	0	4	4	4	0	4	3	4	4	4	32	13	4	4	0	9	14	4	2	2	4	6	9	4	36	37	30	28	29	29	26	23	24	36	33	34	36	27	27	28	37	34	34	32	36	34	36	35	36	35	33	33	42
Caenorhabditis_elegans	36	0	34	36	36	36	36	36	36	36	35	36	36	36	36	35	35	36	36	36	35	34	35	36	36	35	35	34	36	31	34	35	34	35	33	35	35	34	36	36	34	37	34	34	34	36	35	34	34	31	35	36	33	0	33	33	33	38
Drosophila_melanogaster	28	34	0	28	28	28	29	27	27	28	26	29	27	27	27	35	34	27	27	28	28	23	26	28	28	29	31	33	27	31	35	4	0	12	35	36	33	33	33	15	13	14	2	2	2	37	34	33	34	34	35	35	37	34	32	34	35	42
Xenopus_tropicalis	0	36	28	0	0	0	4	4	4	0	4	3	4	4	4	32	13	4	4	0	9	14	4	2	2	4	6	9	4	36	37	30	28	29	29	26	23	24	36	33	34	36	27	27	28	37	34	34	32	36	34	36	35	36	35	33	33	42
Danio_rerio	0	36	28	0	0	0	4	4	4	0	4	3	4	4	4	32	13	4	4	0	9	14	4	2	2	4	6	9	4	36	37	30	28	29	29	26	23	24	36	33	34	36	27	27	28	37	34	34	32	36	34	36	35	36	35	33	33	42
Mus_musculus	0	36	28	0	0	0	4	4	4	0	4	3	4	4	4	32	13	4	4	0	9	14	4	2	2	4	6	9	4	36	37	30	28	29	29	26	23	24	36	33	34	36	27	27	28	37	34	34	32	36	34	36	35	36	35	33	33	42
Didelphis_virginiana	4	36	29	4	4	4	0	8	8	4	8	7	8	8	8	32	15	8	8	4	11	18	8	6	6	8	10	13	8	36	37	31	29	29	29	26	24	25	36	33	34	36	28	28	29	37	34	33	32	35	35	36	35	36	35	33	32	41
Struthio_camelus	4	36	27	4	4	4	8	0	0	4	7	7	0	0	0	34	12	0	0	4	8	14	7	6	6	8	8	11	4	36	37	29	27	29	29	27	24	25	36	32	34	36	26	26	27	37	35	34	32	36	34	36	34	36	35	32	34	42
Rhea_americana	4	36	27	4	4	4	8	0	0	4	7	7	0	0	0	34	12	0	0	4	8	14	7	6	6	8	8	11	4	36	37	29	27	29	29	27	24	25	36	32	34	36	26	26	27	37	35	34	32	36	34	36	34	36	35	32	34	42
Pelomedusa_subrufa	0	36	28	0	0	0	4	4	4	0	4	3	4	4	4	32	13	4	4	0	9	14	4	2	2	4	6	9	4	36	37	30	28	29	29	26	23	24	36	33	34	36	27	27	28	37	34	34	32	36	34	36	35	36	35	33	33	42
Alligator_mississippiensis	4	35	26	4	4	4	8	7	7	4	0	7	7	7	7	32	16	7	7	4	11	13	0	6	6	8	9	12	7	36	37	28	26	28	31	29	24	23	37	32	32	36	25	25	26	37	35	34	32	35	35	35	35	35	36	33	33	42
Dinodon_semicarinatus	3	36	29	3	3	3	7	7	7	3	7	0	7	7	7	33	15	7	7	3	11	16	7	1	1	1	9	12	7	36	38	31	29	30	30	26	24	25	37	34	35	37	28	28	29	38	35	34	33	37	34	37	36	36	35	33	34	43
Vidua_chalybeata	4	36	27	4	4	4	8	0	0	4	7	7	0	0	0	34	12	0	0	4	8	14	7	6	6	8	8	11	4	36	37	29	27	29	29	27	24	25	36	32	34	36	26	26	27	37	35	34	32	36	34	36	34	36	35	32	34	42
Falco_peregrinus	4	36	27	4	4	4	8	0	0	4	7	7	0	0	0	34	12	0	0	4	8	14	7	6	6	8	8	11	4	36	37	29	27	29	29	27	24	25	36	32	34	36	26	26	27	37	35	34	32	36	34	36	34	36	35	32	34	42
Smithornis_sharpei	4	36	27	4	4	4	8	0	0	4	7	7	0	0	0	34	12	0	0	4	8	14	7	6	6	8	8	11	4	36	37	29	27	29	29	27	24	25	36	32	34	36	26	26	27	37	35	34	32	36	34	36	34	36	35	32	34	42
Branchiostoma_lanceolatum	32	35	35	32	32	32	32	34	34	32	32	33	34	34	34	0	36	34	34	32	36	33	32	32	32	34	37	38	33	30	26	35	35	36	36	37	37	36	23	32	32	25	34	34	35	31	35	34	35	35	30	29	32	35	34	34	36	42
Branchiostoma_floridae	13	35	34	13	13	13	15	12	12	13	16	15	12	12	12	36	0	12	12	13	14	22	16	14	14	14	11	12	15	36	36	35	34	33	27	26	29	29	37	36	37	37	34	34	34	37	35	33	33	34	36	37	32	35	35	30	33	43
Aythya_americana	4	36	27	4	4	4	8	0	0	4	7	7	0	0	0	34	12	0	0	4	8	14	7	6	6	8	8	11	4	36	37	29	27	29	29	27	24	25	36	32	34	36	26	26	27	37	35	34	32	36	34	36	34	36	35	32	34	42
Gallus_gallus	4	36	27	4	4	4	8	0	0	4	7	7	0	0	0	34	12	0	0	4	8	14	7	6	6	8	8	11	4	36	37	29	27	29	29	27	24	25	36	32	34	36	26	26	27	37	35	34	32	36	34	36	34	36	35	32	34	42
Ornithorhynchus_anatinus	0	36	28	0	0	0	4	4	4	0	4	3	4	4	4	32	13	4	4	0	9	14	4	2	2	4	6	9	4	36	37	30	28	29	29	26	23	24	36	33	34	36	27	27	28	37	34	34	32	36	34	36	35	36	35	33	33	42
Balanoglossus_carnosus	9	35	28	9	9	9	11	8	8	9	11	11	8	8	8	36	14	8	8	9	0	19	11	10	10	12	12	14	11	35	37	30	28	30	28	27	24	26	37	34	35	37	28	28	28	37	34	31	32	36	36	36	35	35	34	32	35	42
Sphenodon_punctatus	14	34	23	14	14	14	18	14	14	14	13	16	14	14	14	33	22	14	14	14	19	0	13	15	15	16	17	19	15	34	35	25	23	25	34	33	25	26	35	31	29	35	22	22	23	36	33	34	33	34	36	35	33	34	33	34	32	42
Crocodylus_porosus	4	35	26	4	4	4	8	7	7	4	0	7	7	7	7	32	16	7	7	4	11	13	0	6	6	8	9	12	7	36	37	28	26	28	31	29	24	23	37	32	32	36	25	25	26	37	35	34	32	35	35	35	35	35	36	33	33	42
Python_bivittatus	2	36	28	2	2	2	6	6	6	2	6	1	6	6	6	32	14	6	6	2	10	15	6	0	0	2	8	11	6	35	37	30	28	29	30	26	24	25	36	33	34	36	27	27	28	37	34	34	33	36	34	36	35	36	35	32	33	43
Boa_constrictor	2	36	28	2	2	2	6	6	6	2	6	1	6	6	6	32	14	6	6	2	10	15	6	0	0	2	8	11	6	35	37	30	28	29	30	26	24	25	36	33	34	36	27	27	28	37	34	34	33	36	34	36	35	36	35	32	33	43
Gloydius_blomhoffii	4	35	29	4	4	4	8	8	8	4	8	1	8	8	8	34	14	8	8	4	12	16	8	2	2	0	8	11	8	36	37	31	29	30	29	25	24	24	37	35	35	37	29	29	29	37	35	34	32	37	34	36	35	35	34	33	33	43
Lithobates_catesbeianus	6	35	31	6	6	6	10	8	8	6	9	9	8	8	8	37	11	8	8	6	12	17	9	8	8	8	0	4	10	37	37	33	31	32	28	25	25	25	37	35	36	37	31	31	31	36	34	34	32	36	37	36	33	35	33	33	34	42
Fejervarya_limnocharis	9	34	33	9	9	9	13	11	11	9	12	12	11	11	11	38	12	11	11	9	14	19	12	11	11	11	4	0	12	37	38	35	33	34	28	27	27	27	38	37	37	38	33	33	33	35	35	36	34	35	38	37	35	34	34	34	35	42
Bipes_biporus	4	36	27	4	4	4	8	4	4	4	7	7	4	4	4	33	15	4	4	4	11	15	7	6	6	8	10	12	0	36	39	29	27	28	31	28	23	24	38	33	35	38	27	27	27	39	36	35	34	36	36	37	37	36	37	34	35	42
Cucumaria_miniata	36	31	31	36	36	36	36	36	36	36	36	36	36	36	36	30	36	36	36	36	35	34	36	35	35	36	37	37	36	0	12	31	31	31	35	32	29	31	26	31	31	32	31	31	31	34	34	36	32	35	32	33	35	31	35	34	35	39
Parastichopus_californicus	37	34	35	37	37	37	37	37	37	37	37	38	37	37	37	26	36	37	37	37	37	35	37	37	37	37	37	38	39	12	0	35	35	36	37	32	32	35	22	32	33	28	35	35	35	30	36	37	32	34	29	30	36	34	37	35	35	39
Artemia_franciscana	30	35	4	30	30	30	31	29	29	30	28	31	29	29	29	35	35	29	29	30	30	25	28	30	30	31	33	35	29	31	35	0	4	11	36	36	33	32	33	15	13	14	6	6	6	37	33	33	34	34	35	35	37	35	33	35	34	42
Daphnia_pulex	28	34	0	28	28	28	29	27	27	28	26	29	27	27	27	35	34	27	27	28	28	23	26	28	28	29	31	33	27	31	35	4	0	12	35	36	33	33	33	15	13	14	2	2	2	37	34	33	34	34	35	35	37	34	32	34	35	42
Apis_mellifera	29	35	12	29	29	29	29	29	29	29	28	30	29	29	29	36	33	29	29	29	30	25	28	29	29	30	32	34	28	31	36	11	12	0	34	35	33	33	35	24	20	22	12	12	10	37	32	31	34	33	36	36	37	35	31	35	34	42
Florometra_serratissima	29	33	35	29	29	29	29	29	29	29	31	30	29	29	29	36	27	29	29	29	28	34	31	30	30	29	28	28	31	35	37	36	35	34	0	14	25	25	37	36	37	37	35	35	35	35	34	35	31	36	37	34	35	33	32	35	34	42
Strongylocentrotus_purpuratus	26	35	36	26	26	26	26	27	27	26	29	26	27	27	27	37	26	27	27	26	27	33	29	26	26	25	25	27	28	32	32	36	36	35	14	0	24	23	36	36	36	37	36	36	36	35	33	35	32	36	36	37	33	35	34	35	33	45
Pisaster_ochraceus	23	35	33	23	23	23	24	24	24	23	24	24	24	24	24	37	29	24	24	23	24	25	24	24	24	24	25	27	23	29	32	33	33	33	25	24	0	5	37	32	33	34	33	33	33	37	32	35	35	34	35	34	34	35	34	32	33	43
Asterias_amurensis	24	34	33	24	24	24	25	25	25	24	23	25	25	25	25	36	29	25	25	24	26	26	23	25	25	24	25	27	24	31	35	32	33	33	25	23	5	0	37	30	31	33	32	32	33	36	30	35	32	34	35	33	33	34	32	31	32	42
Ophiopholis_aculeata	36	36	33	36	36	36	36	36	36	36	37	37	36	36	36	23	37	36	36	36	37	35	37	36	36	37	37	38	38	26	22	33	33	35	37	36	37	37	0	33	32	29	33	33	33	32	36	36	35	34	33	33	35	36	36	32	35	39
Rhipicephalus_sanguineus	33	36	15	33	33	33	33	32	32	33	32	34	32	32	32	32	36	32	32	33	34	31	32	33	33	35	35	37	33	31	32	15	15	24	36	36	32	30	33	0	19	22	17	17	17	32	34	34	36	36	35	32	32	36	32	34	35	42
Speleonectes_tulumensis	34	34	13	34	34	34	34	34	34	34	32	35	34	34	34	32	37	34	34	34	35	29	32	34	34	35	36	37	35	31	33	13	13	20	37	36	33	31	32	19	0	17	14	14	15	38	34	34	36	36	33	32	34	34	33	32	36	42
Homarus_americanus	36	37	14	36	36	36	36	36	36	36	36	37	36	36	36	25	37	36	36	36	37	35	36	36	36	37	37	38	38	32	28	14	14	22	37	37	34	33	29	22	17	0	16	16	16	31	36	37	35	36	31	30	32	37	36	34	36	44
Anopheles_gambiae	27	34	2	27	27	27	28	26	26	27	25	28	26	26	26	34	34	26	26	27	28	22	25	27	27	29	31	33	27	31	35	6	2	12	35	36	33	32	33	17	14	16	0	0	4	37	34	33	34	34	34	35	37	34	33	34	35	42
Aedes_albopictus	27	34	2	27	27	27	28	26	26	27	25	28	26	26	26	34	34	26	26	27	28	22	25	27	27	29	31	33	27	31	35	6	2	12	35	36	33	32	33	17	14	16	0	0	4	37	34	33	34	34	34	35	37	34	33	34	35	42
Locusta_migratoria	28	34	2	28	28	28	29	27	27	28	26	29	27	27	27	35	34	27	27	28	28	23	26	28	28	29	31	33	27	31	35	6	2	10	35	36	33	33	33	17	15	16	4	4	0	37	34	33	34	34	35	35	37	34	32	34	35	42
Katharina_tunicata	37	36	37	37	37	37	37	37	37	37	37	38	37	37	37	31	37	37	37	37	37	36	37	37	37	37	36	35	39	34	30	37	37	37	35	35	37	36	32	32	38	31	37	37	37	0	36	36	33	35	31	31	32	36	34	33	35	43
Mytilus_edulis	34	35	34	34	34	34	34	35	35	34	35	35	35	35	35	35	35	35	35	34	34	33	35	34	34	35	34	35	36	34	36	33	34	32	34	33	32	30	36	34	34	36	34	34	34	36	0	36	36	34	36	37	34	35	34	35	35	41
Loligo_bleekeri	34	34	33	34	34	34	33	34	34	34	34	34	34	34	34	34	33	34	34	34	31	34	34	34	34	34	34	36	35	36	37	33	33	31	35	35	35	35	36	34	34	37	33	33	33	36	36	0	33	34	35	35	37	34	36	35	34	42
Cepaea_nemoralis	32	34	34	32	32	32	32	32	32	32	32	33	32	32	32	35	33	32	32	32	32	33	32	33	33	32	32	34	34	32	32	34	34	34	31	32	35	32	35	36	36	35	34	34	34	33	36	33	0	19	33	34	36	34	33	32	34	44
Albinaria_coerulea	36	31	34	36	36	36	35	36	36	36	35	37	36	36	36	35	34	36	36	36	36	34	35	36	36	37	36	35	36	35	34	34	34	33	36	36	34	34	34	36	36	36	34	34	34	35	34	34	19	0	33	34	34	31	34	36	33	43
Lumbricus_terrestris	34	35	35	34	34	34	35	34	34	34	35	34	34	34	34	30	36	34	34	34	36	36	35	34	34	34	37	38	36	32	29	35	35	36	37	36	35	35	33	35	33	31	34	34	35	31	36	35	33	33	0	9	34	35	36	34	35	41
Platynereis_dumerilii	36	36	35	36	36	36	36	36	36	36	35	37	36	36	36	29	37	36	36	36	36	35	35	36	36	36	36	37	37	33	30	35	35	36	34	37	34	33	33	32	32	30	35	35	35	31	37	35	34	34	9	0	33	36	34	34	34	42
Urechis_caupo	35	33	37	35	35	35	35	34	34	35	35	36	34	34	34	32	32	34	34	35	35	33	35	35	35	35	33	35	37	35	36	37	37	37	35	33	34	33	35	32	34	32	37	37	37	32	34	37	36	34	34	33	0	33	35	33	32	42
Ascaris_suum	36	0	34	36	36	36	36	36	36	36	35	36	36	36	36	35	35	36	36	36	35	34	35	36	36	35	35	34	36	31	34	35	34	35	33	35	35	34	36	36	34	37	34	34	34	36	35	34	34	31	35	36	33	0	33	33	33	38
Onchocerca_volvulus	35	33	32	35	35	35	35	35	35	35	36	35	35	35	35	34	35	35	35	35	34	33	36	35	35	34	33	34	37	35	37	33	32	31	32	34	34	32	36	32	33	36	33	33	32	34	34	36	33	34	36	34	35	33	0	33	34	42
Meloidogyne_javanica	33	33	34	33	33	33	33	32	32	33	33	33	32	32	32	34	30	32	32	33	32	34	33	32	32	33	33	34	34	34	35	35	34	35	35	35	32	31	32	34	32	34	34	34	34	33	35	35	32	36	34	34	33	33	33	0	34	40
Fasciola_hepatica	33	33	35	33	33	33	32	34	34	33	33	34	34	34	34	36	33	34	34	33	35	32	33	33	33	33	34	35	35	35	35	34	35	34	34	33	33	32	35	35	36	36	35	35	35	35	35	34	34	33	35	34	32	33	34	34	0	43
Romanomermis_culicivorax	42	38	42	42	42	42	41	42	42	42	42	43	42	42	42	42	43	42	42	42	42	42	42	43	43	43	42	42	42	39	39	42	42	42	42	45	43	42	39	42	42	44	42	42	42	43	41	42	44	43	41	42	42	38	42	40	43	0
