	Homo_sapiens	Caenorhabditis_elegans	Drosophila_melanogaster	Xenopus_tropicalis	Danio_rerio	Mus_musculus	Didelphis_virginiana	Struthio_camelus	Rhea_americana	Pelomedusa_subrufa	Alligator_mississippiensis	Dinodon_semicarinatus	Vidua_chalybeata	Falco_peregrinus	Smithornis_sharpei	Branchiostoma_lanceolatum	Branchiostoma_floridae	Aythya_americana	Gallus_gallus	Ornithorhynchus_anatinus	Balanoglossus_carnosus	Sphenodon_punctatus	Crocodylus_porosus	Python_bivittatus	Boa_constrictor	Gloydius_blomhoffii	Lithobates_catesbeianus	Fejervarya_limnocharis	Bipes_biporus	Cucumaria_miniata	Parastichopus_californicus	Artemia_franciscana	Daphnia_pulex	Apis_mellifera	Florometra_serratissima	Strongylocentrotus_purpuratus	Pisaster_ochraceus	Asterias_amurensis	Ophiopholis_aculeata	Rhipicephalus_sanguineus	Speleonectes_tulumensis	Homarus_americanus	Anopheles_gambiae	Aedes_albopictus	Locusta_migratoria	Katharina_tunicata	Mytilus_edulis	Loligo_bleekeri	Cepaea_nemoralis	Albinaria_coerulea	Lumbricus_terrestris	Platynereis_dumerilii	Urechis_caupo	Ascaris_suum	Onchocerca_volvulus	Meloidogyne_javanica	Fasciola_hepatica	Romanomermis_culicivorax
Homo_sapiens	0	143	60	0	0	0	4	22	22	0	4	3	22	22	22	64	30	22	22	0	25	22	4	2	2	4	6	27	2	83	81	61	60	58	73	38	58	59	84	63	63	83	60	60	58	121	123	141	121	112	122	122	122	143	131	120	131	150
Caenorhabditis_elegans	143	0	132	143	143	143	144	143	143	143	143	144	143	143	143	132	131	143	143	143	142	131	143	144	144	143	140	141	144	129	130	131	132	130	132	142	143	142	133	142	132	133	132	132	132	134	122	140	131	132	133	134	131	0	102	111	93	135
Drosophila_melanogaster	60	132	0	60	60	60	60	70	70	60	59	60	70	70	70	63	81	70	70	60	71	55	59	60	60	60	63	74	60	73	74	4	0	11	92	74	71	69	72	33	12	32	2	2	2	103	121	130	140	122	122	122	112	132	128	140	131	149
Xenopus_tropicalis	0	143	60	0	0	0	4	22	22	0	4	3	22	22	22	64	30	22	22	0	25	22	4	2	2	4	6	27	2	83	81	61	60	58	73	38	58	59	84	63	63	83	60	60	58	121	123	141	121	112	122	122	122	143	131	120	131	150
Danio_rerio	0	143	60	0	0	0	4	22	22	0	4	3	22	22	22	64	30	22	22	0	25	22	4	2	2	4	6	27	2	83	81	61	60	58	73	38	58	59	84	63	63	83	60	60	58	121	123	141	121	112	122	122	122	143	131	120	131	150
Mus_musculus	0	143	60	0	0	0	4	22	22	0	4	3	22	22	22	64	30	22	22	0	25	22	4	2	2	4	6	27	2	83	81	61	60	58	73	38	58	59	84	63	63	83	60	60	58	121	123	141	121	112	122	122	122	143	131	120	131	150
Didelphis_virginiana	4	144	60	4	4	4	0	26	26	4	8	7	26	26	26	64	32	26	26	4	27	26	8	6	6	8	10	30	6	83	82	60	60	59	73	39	58	59	83	63	63	83	61	61	59	122	123	142	120	112	122	123	122	144	132	119	131	149
Struthio_camelus	22	143	70	22	22	22	26	0	0	22	25	25	0	0	0	74	29	0	0	22	6	32	25	24	24	26	26	37	23	93	91	71	70	68	73	58	80	80	94	83	73	93	70	70	68	121	123	141	120	101	122	122	132	143	130	120	141	149
Rhea_americana	22	143	70	22	22	22	26	0	0	22	25	25	0	0	0	74	29	0	0	22	6	32	25	24	24	26	26	37	23	93	91	71	70	68	73	58	80	80	94	83	73	93	70	70	68	121	123	141	120	101	122	122	132	143	130	120	141	149
Pelomedusa_subrufa	0	143	60	0	0	0	4	22	22	0	4	3	22	22	22	64	30	22	22	0	25	22	4	2	2	4	6	27	2	83	81	61	60	58	73	38	58	59	84	63	63	83	60	60	58	121	123	141	121	112	122	122	122	143	131	120	131	150
Alligator_mississippiensis	4	143	59	4	4	4	8	25	25	4	0	7	25	25	25	64	33	25	25	4	28	22	0	6	6	8	9	30	5	84	83	61	59	59	72	39	59	57	83	63	61	84	59	59	57	123	122	140	120	112	123	121	123	143	130	121	132	149
Dinodon_semicarinatus	3	144	60	3	3	3	7	25	25	3	7	0	25	25	25	64	32	25	25	3	26	24	7	1	1	1	9	30	5	84	81	60	60	59	73	38	59	59	84	64	64	84	60	60	59	120	124	141	122	112	122	123	122	144	132	122	131	149
Vidua_chalybeata	22	143	70	22	22	22	26	0	0	22	25	25	0	0	0	74	29	0	0	22	6	32	25	24	24	26	26	37	23	93	91	71	70	68	73	58	80	80	94	83	73	93	70	70	68	121	123	141	120	101	122	122	132	143	130	120	141	149
Falco_peregrinus	22	143	70	22	22	22	26	0	0	22	25	25	0	0	0	74	29	0	0	22	6	32	25	24	24	26	26	37	23	93	91	71	70	68	73	58	80	80	94	83	73	93	70	70	68	121	123	141	120	101	122	122	132	143	130	120	141	149
Smithornis_sharpei	22	143	70	22	22	22	26	0	0	22	25	25	0	0	0	74	29	0	0	22	6	32	25	24	24	26	26	37	23	93	91	71	70	68	73	58	80	80	94	83	73	93	70	70	68	121	123	141	120	101	122	122	132	143	130	120	141	149
Branchiostoma_lanceolatum	64	132	63	64	64	64	64	74	74	64	64	64	74	74	74	0	78	74	74	64	74	74	64	64	64	63	61	83	66	43	38	63	63	64	101	82	84	82	58	83	62	36	63	63	63	92	125	143	133	132	90	89	101	132	142	120	143	138
Branchiostoma_floridae	30	131	81	30	30	30	32	29	29	30	33	32	29	29	29	78	0	29	29	30	30	48	33	31	31	31	29	39	32	101	100	81	81	81	62	61	70	70	104	83	82	104	81	81	81	132	112	120	112	101	132	134	140	131	141	110	141	158
Aythya_americana	22	143	70	22	22	22	26	0	0	22	25	25	0	0	0	74	29	0	0	22	6	32	25	24	24	26	26	37	23	93	91	71	70	68	73	58	80	80	94	83	73	93	70	70	68	121	123	141	120	101	122	122	132	143	130	120	141	149
Gallus_gallus	22	143	70	22	22	22	26	0	0	22	25	25	0	0	0	74	29	0	0	22	6	32	25	24	24	26	26	37	23	93	91	71	70	68	73	58	80	80	94	83	73	93	70	70	68	121	123	141	120	101	122	122	132	143	130	120	141	149
Ornithorhynchus_anatinus	0	143	60	0	0	0	4	22	22	0	4	3	22	22	22	64	30	22	22	0	25	22	4	2	2	4	6	27	2	83	81	61	60	58	73	38	58	59	84	63	63	83	60	60	58	121	123	141	121	112	122	122	122	143	131	120	131	150
Balanoglossus_carnosus	25	142	71	25	25	25	27	6	6	25	28	26	6	6	6	74	30	6	6	25	0	36	28	25	25	27	29	39	27	93	92	72	71	71	72	58	79	78	93	83	72	94	71	71	69	121	122	143	120	102	123	124	132	142	131	121	140	148
Sphenodon_punctatus	22	131	55	22	22	22	26	32	32	22	22	24	32	32	32	74	48	32	32	22	36	0	22	23	23	24	25	26	23	91	93	57	55	55	81	51	68	70	93	62	62	82	55	55	54	114	120	131	110	112	121	122	121	131	131	111	119	159
Crocodylus_porosus	4	143	59	4	4	4	8	25	25	4	0	7	25	25	25	64	33	25	25	4	28	22	0	6	6	8	9	30	5	84	83	61	59	59	72	39	59	57	83	63	61	84	59	59	57	123	122	140	120	112	123	121	123	143	130	121	132	149
Python_bivittatus	2	144	60	2	2	2	6	24	24	2	6	1	24	24	24	64	31	24	24	2	25	23	6	0	0	2	8	29	4	84	81	60	60	58	73	38	58	58	84	63	64	83	60	60	58	120	123	140	121	112	122	122	122	144	131	121	132	149
Boa_constrictor	2	144	60	2	2	2	6	24	24	2	6	1	24	24	24	64	31	24	24	2	25	23	6	0	0	2	8	29	4	84	81	60	60	58	73	38	58	58	84	63	64	83	60	60	58	120	123	140	121	112	122	122	122	144	131	121	132	149
Gloydius_blomhoffii	4	143	60	4	4	4	8	26	26	4	8	1	26	26	26	63	31	26	26	4	27	24	8	2	2	0	8	29	6	83	80	60	60	59	72	37	59	58	83	63	63	84	60	60	59	120	124	141	121	111	122	123	121	143	131	121	130	148
Lithobates_catesbeianus	6	140	63	6	6	6	10	26	26	6	9	9	26	26	26	61	29	26	26	6	29	25	9	8	8	8	0	23	8	81	79	63	63	62	71	39	61	60	84	64	64	83	62	62	62	121	123	141	122	112	124	123	120	140	133	121	130	147
Fejervarya_limnocharis	27	141	74	27	27	27	30	37	37	27	30	30	37	37	37	83	39	37	37	27	39	26	30	29	29	29	23	0	29	101	100	74	74	73	91	60	72	71	105	75	75	95	73	73	73	121	133	131	103	102	134	133	131	141	144	111	131	157
Bipes_biporus	2	144	60	2	2	2	6	23	23	2	5	5	23	23	23	66	32	23	23	2	27	23	5	4	4	6	8	29	0	84	83	62	60	60	74	39	60	61	84	64	63	85	60	60	58	123	123	141	121	113	124	123	124	144	131	121	133	150
Cucumaria_miniata	83	129	73	83	83	83	83	93	93	83	84	84	93	93	93	43	101	93	93	83	93	91	84	84	84	83	81	101	84	0	12	73	73	73	81	61	62	62	43	92	73	53	73	73	74	102	133	141	121	112	101	102	112	129	142	132	132	137
Parastichopus_californicus	81	130	74	81	81	81	82	91	91	81	83	81	91	91	91	38	100	91	91	81	92	93	83	81	81	80	79	100	83	12	0	74	74	73	81	50	62	63	38	94	74	51	74	74	74	101	134	143	121	113	102	103	114	130	143	134	132	137
Artemia_franciscana	61	131	4	61	61	61	60	71	71	61	61	60	71	71	71	63	81	71	71	61	72	57	61	60	60	60	63	74	62	73	74	0	4	11	93	74	71	69	72	33	12	32	6	6	6	103	120	130	140	122	122	122	113	131	129	141	131	149
Daphnia_pulex	60	132	0	60	60	60	60	70	70	60	59	60	70	70	70	63	81	70	70	60	71	55	59	60	60	60	63	74	60	73	74	4	0	11	92	74	71	69	72	33	12	32	2	2	2	103	121	130	140	122	122	122	112	132	128	140	131	149
Apis_mellifera	58	130	11	58	58	58	59	68	68	58	59	59	68	68	68	64	81	68	68	58	71	55	59	58	58	59	62	73	60	73	73	11	11	0	92	71	71	71	73	38	18	40	11	11	9	103	120	130	139	122	122	123	112	130	129	141	131	149
Florometra_serratissima	73	132	92	73	73	73	73	73	73	73	72	73	73	73	73	101	62	73	73	73	72	81	72	73	73	72	71	91	74	81	81	93	92	92	0	41	41	40	83	93	92	111	92	92	91	142	114	141	111	102	140	140	142	132	122	122	132	157
Strongylocentrotus_purpuratus	38	142	74	38	38	38	39	58	58	38	39	38	58	58	58	82	61	58	58	38	58	51	39	38	38	37	39	60	39	61	50	74	74	71	41	0	43	41	63	73	73	93	74	74	73	129	133	142	121	111	132	131	131	142	130	121	122	156
Pisaster_ochraceus	58	143	71	58	58	58	58	80	80	58	59	59	80	80	80	84	70	80	80	58	79	68	59	58	58	59	61	72	60	62	62	71	71	71	41	43	0	5	63	72	71	93	71	71	71	134	129	143	120	101	133	130	132	143	121	131	121	158
Asterias_amurensis	59	142	69	59	59	59	59	80	80	59	57	59	80	80	80	82	70	80	80	59	78	70	57	58	58	58	60	71	61	62	63	69	69	71	40	41	5	0	62	71	71	92	69	69	69	132	129	141	118	101	131	131	129	142	120	129	121	159
Ophiopholis_aculeata	84	133	72	84	84	84	83	94	94	84	83	84	94	94	94	58	104	94	94	84	93	93	83	84	84	83	84	105	84	43	38	72	72	73	83	63	63	62	0	92	73	70	72	72	72	113	135	144	124	114	122	123	113	133	141	131	134	137
Rhipicephalus_sanguineus	63	142	33	63	63	63	63	83	83	63	63	64	83	83	83	83	83	83	83	63	83	62	63	63	63	63	64	75	64	92	94	33	33	38	93	73	72	71	92	0	36	55	35	35	34	112	122	123	142	121	111	108	110	142	121	140	122	159
Speleonectes_tulumensis	63	132	12	63	63	63	63	73	73	63	61	64	73	73	73	62	82	73	73	63	72	62	61	64	64	63	64	75	63	73	74	12	12	18	92	73	71	71	73	36	0	34	13	13	13	105	122	132	143	122	123	120	111	132	131	141	134	149
Homarus_americanus	83	133	32	83	83	83	83	93	93	83	84	84	93	93	93	36	104	93	93	83	94	82	84	83	83	84	83	95	85	53	51	32	32	40	111	93	93	92	70	55	34	0	34	34	34	82	125	144	132	133	101	100	101	133	154	131	142	148
Anopheles_gambiae	60	132	2	60	60	60	61	70	70	60	59	60	70	70	70	63	81	70	70	60	71	55	59	60	60	60	62	73	60	73	74	6	2	11	92	74	71	69	72	35	13	34	0	0	4	103	121	130	140	122	122	123	112	132	129	140	131	149
Aedes_albopictus	60	132	2	60	60	60	61	70	70	60	59	60	70	70	70	63	81	70	70	60	71	55	59	60	60	60	62	73	60	73	74	6	2	11	92	74	71	69	72	35	13	34	0	0	4	103	121	130	140	122	122	123	112	132	129	140	131	149
Locusta_migratoria	58	132	2	58	58	58	59	68	68	58	57	59	68	68	68	63	81	68	68	58	69	54	57	58	58	59	62	73	58	74	74	6	2	9	91	73	71	69	72	34	13	34	4	4	0	103	121	131	140	122	122	122	112	132	128	140	131	149
Katharina_tunicata	121	134	103	121	121	121	122	121	121	121	123	120	121	121	121	92	132	121	121	121	121	114	123	120	120	120	121	121	123	102	101	103	103	103	142	129	134	132	113	112	105	82	103	103	103	0	142	151	111	140	91	93	122	134	130	131	153	140
Mytilus_edulis	123	122	121	123	123	123	123	123	123	123	122	124	123	123	123	125	112	123	123	123	122	120	122	123	123	124	123	133	123	133	134	120	121	120	114	133	129	129	135	122	122	125	121	121	121	142	0	132	143	123	134	133	122	122	131	124	104	139
Loligo_bleekeri	141	140	130	141	141	141	142	141	141	141	140	141	141	141	141	143	120	141	141	141	143	131	140	140	140	141	141	131	141	141	143	130	130	130	141	142	143	141	144	123	132	144	130	130	131	151	132	0	142	152	143	142	143	140	143	142	132	167
Cepaea_nemoralis	121	131	140	121	121	121	120	120	120	121	120	122	120	120	120	133	112	120	120	121	120	110	120	121	121	121	122	103	121	121	121	140	140	139	111	121	120	118	124	142	143	132	140	140	140	111	143	142	0	73	121	120	133	131	133	122	142	150
Albinaria_coerulea	112	132	122	112	112	112	112	101	101	112	112	112	101	101	101	132	101	101	101	112	102	112	112	112	112	111	112	102	113	112	113	122	122	122	102	111	101	101	114	121	122	133	122	122	122	140	123	152	73	0	141	141	142	132	149	132	132	149
Lumbricus_terrestris	122	133	122	122	122	122	122	122	122	122	123	122	122	122	122	90	132	122	122	122	123	121	123	122	122	122	124	134	124	101	102	122	122	122	140	132	133	131	122	111	123	101	122	122	122	91	134	143	121	141	0	8	122	133	122	111	141	138
Platynereis_dumerilii	122	134	122	122	122	122	123	122	122	122	121	123	122	122	122	89	134	122	122	122	124	122	121	122	122	123	123	133	123	102	103	122	122	123	140	131	130	131	123	108	120	100	123	123	122	93	133	142	120	141	8	0	120	134	123	111	141	138
Urechis_caupo	122	131	112	122	122	122	122	132	132	122	123	122	132	132	132	101	140	132	132	122	132	121	123	122	122	121	120	131	124	112	114	113	112	112	142	131	132	129	113	110	111	101	112	112	112	122	122	143	133	142	122	120	0	131	131	111	102	129
Ascaris_suum	143	0	132	143	143	143	144	143	143	143	143	144	143	143	143	132	131	143	143	143	142	131	143	144	144	143	140	141	144	129	130	131	132	130	132	142	143	142	133	142	132	133	132	132	132	134	122	140	131	132	133	134	131	0	102	111	93	135
Onchocerca_volvulus	131	102	128	131	131	131	132	130	130	131	130	132	130	130	130	142	141	130	130	131	131	131	130	131	131	131	133	144	131	142	143	129	128	129	122	130	121	120	141	121	131	154	129	129	128	130	131	143	133	149	122	123	131	102	0	122	123	139
Meloidogyne_javanica	120	111	140	120	120	120	119	120	120	120	121	122	120	120	120	120	110	120	120	120	121	111	121	121	121	121	121	111	121	132	134	141	140	141	122	121	131	129	131	140	141	131	140	140	140	131	124	142	122	132	111	111	111	111	122	0	120	129
Fasciola_hepatica	131	93	131	131	131	131	131	141	141	131	132	131	141	141	141	143	141	141	141	131	140	119	132	132	132	130	130	131	133	132	132	131	131	131	132	122	121	121	134	122	134	142	131	131	131	153	104	132	142	132	141	141	102	93	123	120	0	148
Romanomermis_culicivorax	150	135	149	150	150	150	149	149	149	150	149	149	149	149	149	138	158	149	149	150	148	159	149	149	149	148	147	157	150	137	137	149	149	149	157	156	158	159	137	159	149	148	149	149	149	140	139	167	150	149	138	138	129	135	139	129	148	0
